56
56
56
56
56
56
56
56
56
56
56
56
56
56
56
56
56
56
56
56
56
56
56
56
56
56
56
56
56
56
56
56
56
56
56
56
56
56
56
56
56
56
56
56
56
56
56
56
56
56
30
30
30
30
30
30
30
30
30
30
30
30
30
30
30
30
30
30
30
30
30
30
30
30
30
30
30
30
30
30
30
30
30
30
30
30
30
30
85
85
85
85
85
85
85
85
85
85
85
85
85
85
85
85
85
85
85
85
85
85
85
85
85
85
85
85
85
85
85
85
85
85
85
85
85
85
85
85
85
85
85
85
85
85
85
85
85
85
85
85
85
85
85
85
85
85
85
85
85
85
85
85
85
85
85
85
85
85
85
85
88
88
4
4
4
103
103
103
103
103
103
103
103
103
103
103
103
103
103
103
103
103
103
103
103
103
103
103
103
57
57
57
57
57
57
57
57
57
57
57
57
57
57
57
57
57
57
57
57
18
18
18
18
18
18
18
18
18
18
78
78
78
78
78
78
78
141
141
141
141
141
141
141
141
141
141
141
141
141
141
141
15
15
15
15
15
15
15
15
15
15
15
15
15
15
15
15
15
15
15
15
15
15
15
15
15
15
15
15
15
55
55
55
55
55
55
55
55
55
55
55
55
55
55
86
86
86
86
86
86
86
86
37
37
37
37
37
37
37
37
37
23
23
23
23
23
23
23
23
23
23
23
23
23
23
23
23
23
23
23
74
74
74
74
74
74
74
74
104
104
104
104
104
104
104
104
104
104
104
104
139
139
139
139
139
139
139
139
139
139
139
139
139
139
139
139
139
139
139
139
139
142
142
142
142
142
142
142
142
142
142
142
142
142
142
142
142
142
142
142
142
142
142
142
142
142
142
142
142
142
142
142
142
142
142
142
142
142
142
142
142
142
142
142
142
142
142
142
142
142
142
142
142
142
142
142
142
59
59
59
59
59
59
59
59
59
59
59
59
59
81
81
81
81
81
81
81
81
81
81
81
81
81
81
81
81
81
81
102
102
102
102
102
102
102
102
102
102
102
102
102
102
102
102
102
102
102
102
102
102
102
102
102
102
102
102
102
102
102
102
102
102
102
102
79
79
79
79
79
79
72
72
72
72
72
72
72
72
72
72
72
72
72
72
72
72
72
72
72
72
72
72
72
72
72
72
72
72
72
72
72
72
72
72
72
72
72
72
72
72
72
72
72
72
72
72
72
72
72
72
72
72
50
50
50
50
50
50
50
50
50
50
50
50
50
50
50
50
50
50
50
50
50
50
50
50
50
50
50
50
50
50
50
50
50
50
50
50
50
50
50
50
50
50
50
50
50
50
50
50
50
50
50
50
50
50
50
50
50
50
50
50
50
50
50
50
50
50
50
50
50
50
50
50
50
50
50
50
50
50
50
50
50
50
50
50
50
50
50
50
50
50
50
50
50
50
50
50
50
50
50
50
50
50
50
50
50
50
50
50
50
50
50
50
50
50
50
50
50
50
50
50
50
50
50
50
50
50
50
50
50
50
50
50
50
50
50
50
50
50
50
50
50
50
50
50
50
50
50
60
60
60
60
60
60
60
60
60
60
60
60
60
60
60
60
60
60
60
60
60
60
60
60
60
60
60
60
60
60
60
60
60
60
60
60
60
60
60
60
60
60
60
60
60
60
60
60
60
60
60
60
60
60
60
60
60
60
60
60
60
60
60
60
60
60
60
60
60
60
60
60
60
60
60
60
60
60
60
60
60
60
60
60
60
60
60
60
60
60
60
60
60
60
60
60
60
60
60
60
60
60
46
46
46
46
46
46
46
46
46
46
46
46
46
46
46
46
46
46
46
46
46
46
46
46
87
87
87
87
87
87
87
87
87
87
87
87
87
87
87
87
87
87
87
87
87
87
87
87
87
87
87
87
87
87
87
87
87
87
87
87
87
87
87
87
87
87
87
87
87
87
87
87
87
87
87
87
87
87
87
87
87
87
87
87
87
87
87
87
87
87
87
87
87
87
87
87
87
87
87
87
87
87
87
87
87
87
87
87
87
87
87
87
87
87
87
87
87
87
19
19
19
19
19
25
25
25
25
25
25
25
25
25
25
25
25
25
25
90
90
90
90
90
90
90
90
90
90
90
90
90
90
90
90
90
90
90
90
90
90
90
90
90
90
90
90
90
90
90
90
90
90
90
90
90
90
90
90
90
90
90
90
90
90
90
90
90
90
90
90
90
90
90
90
105
105
105
105
105
105
105
105
105
105
105
105
48
48
48
48
48
48
48
41
41
41
41
41
41
41
41
41
41
41
41
41
41
41
41
41
41
41
41
41
41
148
148
148
148
148
148
148
148
148
148
148
148
148
148
148
148
148
148
148
148
107
107
107
107
107
107
107
107
107
107
107
107
107
107
107
107
107
107
108
108
108
108
108
131
131
131
131
131
131
131
107
120
120
120
120
120
120
120
120
128
128
128
131
94
94
94
94
94
28
28
28
28
28
28
28
28
28
28
32
32
32
32
32
32
32
32
26
26
26
26
26
26
26
26
26
26
26
47
47
47
47
47
47
47
47
123
123
123
123
123
123
123
106
106
62
62
62
62
62
62
62
6
6
6
6
6
6
6
6
6
6
6
6
1
1
1
1
1
1
1
1
1
1
1
1
1
100
100
100
100
100
100
100
100
100
99
99
99
99
99
99
99
99
99
99
99
99
99
99
99
99
99
99
99
54
54
54
54
54
54
54
54
54
54
35
35
35
35
35
35
35
126
126
126
126
126
126
126
119
119
119
119
119
119
119
119
119
119
119
135
135
135
135
135
135
112
112
112
112
112
112
112
27
27
27
27
27
27
129
129
129
129
129
129
136
136
136
16
16
16
16
16
24
24
24
24
143
143
143
31
31
31
31
31
31
111
111
111
111
111
82
82
82
82
82
93
93
93
93
5
5
5
5
5
5
5
42
42
42
42
42
42
42
42
80
80
80
80
80
69
69
69
130
130
130
125
125
125
125
125
125
125
125
125
137
137
137
137
137
137
121
121
121
121
121
121
121
121
121
121
38
38
38
97
97
97
97
109
109
109
8
8
8
8
8
8
0
0
133
133
133
133
101
101
101
29
29
29
29
115
115
115
115
115
117
117
117
117
98
98
98
98
98
145
145
145
145
34
34
34
34
34
12
12
12
83
83
83
83
83
83
21
21
21
140
140
140
140
132
132
132
132
132
132
132
116
116
116
116
116
22
22
22
22
22
22
22
22
9
9
9
9
9
17
17
17
17
17
17
17
17
17
17
39
39
36
36
36
36
36
76
76
76
84
84
84
84
89
89
89
89
89
96
96
96
95
95
33
33
33
33
33
49
49
49
45
45
45
58
58
58
58
71
71
71
71
71
73
73
73
124
124
124
124
124
52
52
52
52
7
7
7
44
44
44
11
11
11
11
20
20
20
20
75
75
75
75
75
144
144
144
144
144
144
144
2
2
146
146
146
146
146
146
146
122
122
122
122
122
122
122
65
65
65
65
53
53
53
53
92
92
92
92
92
77
77
77
10
10
10
147
147
147
147
147
147
147
147
14
14
14
14
14
14
14
13
13
13
40
40
40
40
40
138
138
138
113
113
113
113
113
113
134
134
134
134
134
134
127
127
127
127
66
66
110
110
110
64
64
114
114
114
114
67
67
67
67
61
61
61
51
51
51
51
51
118
118
118
118
118
118
43
43
43
43
43
70
70
70
70
70
70
70
3
3
3
3
91
91
91
91
68
68
68
68
63
63
63
63
63
